Timings
308.485
266.803
221.533
197.431
183.572
190.431
183.675
182.335
184.239
179.218
190.534
191.99
186.656
180.554
182.498
185.972
184.229
182.415
188.788
182.188
191.024
174.207
183.671
185.43
184.844
181.324
186.867
179.988
183.699
180.45
184.651
189.529
185.237
181.71
186.937
187.055
183.617
178.332
180.716
187.738
179.161
187.171
179.569
192.46
189.845
185.064
181.388
192.061
182.522
182.08
181.808
184.588
196.425
184.629
179.206
185.881
183.719
188.169
178.586
183.903
188.128
190.778
186.255
195.773
188.103
181.755
193.034
175.043
189.337
186.729
188.849
172.919
183.573
178.204
178.993
190.104
182.36
187.144
179.214
192.544
185.074
187.79
184.711
185.569
181.396
190.814
185.792
179.075
175.065
181.145
188.765
183.31
181.937
181.724
183.784
182.905
191.16
177.153
180.282
177.626
184.858
183.156
182.541
184.435
181.747
182.51
184.669
185.333
187.406
179.644
185.208
174.1
184.288
180.126
181.937
186.088
187.68
171.538
178.805
182.449
181.933
189.307
179.791
190.448
185.206
188.281
184.23
183.905
184.645
188.175
180.795
187.28
188.086
189.17
190.242
182.064
179.823
181.602
180.138
184.013
180.652
179.776
179.558
193.894
177.497
190.268
181.419
189.046
183.165
183.031
180.177
183.038
184.439
176.658
180.567
181.265
180.779
188.553
189.589
186.255
177.209
186.281
175.108
184.033
183.2
180.813
178.524
178.453
178.54
187.733
184.123
180.904
181.241
183.769
179.678
183.929
186.205
184.288
179.966
182.257
185.483
185.868
182.771
185.886
193.176
188.284
181.702
185.126
190.121
178.454
186.872
177.161
185.369
180.41
185.291
187.535
179.566
182.405
177.066
188.662
187.293
183.894
183.417
188.647
172.254
173.123
191.234
185.106
194.54
181.904
183.299
180.751
184.122
183.635
177.981
186.073
189.783
181.825
191.156
189.581
183.622
184.721
183.38
184.351
187.23
183.158
185.83
187.977
187.816
192.151
186.965
189.133
188.69
175.735
185.361
185.737
198.071
189.621
188.363
186.316
180.97
189.377
184.731
183.343
186.769
179.403
186.108
188.756
180.524
184.077
180.059
184.738
178.054
176.855
182.666
191.273
181.075
183.449
187.564
183.225
182.131
182.291
189.463
179.365
190.086
186.115
188.208
180.153
189.422
184.981
179.861
183.364
195.232
189.389
180.185
181.77
185.148
177.193
181.354
175.449
179.485
184.043
187.599
179.568
180.831
185.648
184.666
188.05
186.1
178.532
191.075
183.529
190.665
190.198
179.668
186.562
189.083
188.501
186.648
181.543
