Timings
500.296
380.139
335.552
343.375
345.082
328.507
331.333
325.874
334.108
331.666
347.196
345.435
342.277
336.744
330.116
339.275
331.774
344.597
331.658
328.954
336.657
333.736
346.285
340.163
326.297
329.189
321.77
344.977
340.63
339.325
339.249
333.974
332.063
333.208
322.656
337.05
337.3
341.373
335.328
333.595
334.048
331.899
344.016
332.748
328.169
330.54
339.436
339.833
337.541
339.287
338.57
336.938
339.355
341.389
327.215
344.265
338.622
330.832
336.743
337.723
333.61
331.455
337.439
337.573
334.909
327.865
333.639
328.28
333.145
338.089
339.265
343.955
328.852
336.945
341.936
326.797
332.87
344.683
343.636
342.537
336.312
336.423
343.434
336.864
330.14
330.317
347.244
334.011
340.118
334.952
333.952
341.604
344.463
326.307
344.168
330.664
334.599
343.471
334.855
330.241
337.125
345.664
331.894
347.667
332.558
332.536
338.026
337.524
341.618
329.568
334.844
330.222
332.197
334.401
334.884
341.404
330.482
336.808
344.687
331.582
338.759
340.939
340.883
331.532
336.36
340.37
341.152
335.196
338.796
343.679
340.928
334.965
341.829
340.989
329.671
346.517
340.234
329.324
335.227
338.763
339.528
333.953
334.03
329.979
319.557
348.749
332.314
339.209
351.448
335.111
336.48
344.175
344.099
329.914
351.813
325.531
343.012
331.027
335.191
339.93
325.89
346.522
332.298
333.76
339.582
336.614
333.776
331.254
335.779
321.944
337.139
339.675
335.858
336.328
339.994
338.185
338.292
338.8
343.357
336.556
338.284
336.398
339.35
336.218
332.667
336.522
340.031
331.785
342.637
329.09
346.268
341.101
336.273
332.468
341.019
338.925
338.777
355.742
332.742
344.214
333.481
342.503
329.537
340.719
340.549
335.091
331.044
336.622
343.625
336.031
347.051
340.48
327.24
339.851
334.117
348.568
325.96
351.555
326.586
335.152
339.396
349.938
341.284
339.986
344.62
344.623
331.634
333.018
343.009
339.155
331.247
345.776
330.316
340.728
330.043
337.288
334.095
330.157
337.53
329.432
347.296
338.242
330.952
339.784
327.078
334.561
328.134
342.645
331.717
333.204
334.963
345.59
337.669
331.425
333.19
340.789
332.669
330.916
329.81
353.89
347.992
333.903
330.822
341.651
334.812
343.043
322.741
340.432
335.799
348.482
334.036
332.486
334.656
334.536
336.458
349.398
334.941
337.302
326.547
343.154
337.785
330.776
335.979
336.289
341.312
340.752
344.504
328.378
337.837
332.726
335.219
339.966
328.342
326.968
327.933
334.997
338.204
329.208
333.49
337.865
