Timings
20.9133
28.0571
28.7316
48.7012
39.9906
23.0795
24.9843
39.1405
22.9798
20.2284
24.6525
18.5632
40.6667
23.541
18.984
18.7417
18.8668
21.7568
29.6604
19.3915
26.6511
19.6782
26.0417
18.194
19.1345
19.485
21.4634
21.2267
26.2518
20.9204
23.1931
25.8668
17.0108
20.5648
19.0553
18.4981
39.8422
31.4712
33.1766
18.124
23.9117
21.7185
25.2886
39.6274
32.1376
32.6083
18.8355
33.4921
18.8628
40.3425
29.7291
17.081
24.0366
28.3967
25.7003
25.6937
18.7007
21.4566
33.4701
20.072
27.7365
19.5127
24.4744
19.1461
18.1846
30.1921
28.5886
22.5744
20.3232
43.6894
17.9457
18.5493
17.8323
38.124
23.7317
25.7262
25.2075
29.8902
19.2853
19.7243
32.2922
20.3658
18.081
18.0573
19.1664
17.027
19.2079
18.7238
28.8518
28.1513
27.4457
24.4608
24.7791
41.7589
21.5126
23.8121
22.4276
22.5066
19.3731
29.95
31.1338
18.6007
31.0768
19.8169
28.24
18.1171
16.9893
21.9398
21.2924
24.3008
41.8986
24.6521
37.3922
41.0776
19.9744
40.7446
44.3525
19.4462
26.3434
24.1147
25.092
19.5492
28.1084
26.1336
41.3835
22.0155
42.2472
27.741
20.8242
20.1712
23.5332
18.4008
18.0797
19.6425
40.2167
38.5434
29.0133
19.4544
23.2506
17.2067
22.5499
18.5303
17.6817
30.7315
18.9942
30.6071
19.8676
26.8054
19.4124
27.4057
19.5174
20.1588
33.4888
36.8669
17.7509
32.6546
29.7936
30.9094
25.4457
30.2983
21.5382
25.8158
24.4112
23.9045
23.31
25.1778
25.3225
19.4044
25.5376
17.8345
26.3151
19.9529
19.9627
19.4523
33.1947
22.4082
20.0818
30.3257
17.2294
17.2391
17.5844
25.2093
18.1032
31.0274
27.104
17.8499
18.3482
19.4448
31.5576
18.4562
19.805
31.1101
18.6903
23.31
17.3599
25.8673
20.7456
28.2068
24.3435
30.2942
25.3186
20.9611
42.6586
17.7856
19.3194
19.3542
19.8676
20.7941
23.3033
18.2846
39.6699
39.1348
32.7287
43.3325
17.9257
21.5727
18.2965
26.6165
20.3674
19.6777
25.0959
23.2363
20.2818
22.1228
18.1937
18.9996
25.1388
24.5161
18.1583
21.2008
25.0233
18.4533
41.7693
29.1773
21.3827
44.9336
25.332
29.0527
26.004
41.9184
17.6268
32.4126
17.907
33.9872
17.8551
24.7359
19.6128
23.7154
28.806
31.8031
17.203
31.0243
24.2683
19.131
28.5486
25.3346
18.1369
21.6165
18.3165
29.1648
45.6565
38.7433
19.6928
28.8551
17.868
27.9718
25.6774
24.9979
21.402
23.5687
21.4051
28.9098
25.0269
26.8927
26.4322
19.3356
23.2529
18.4763
18.1382
41.2493
19.2405
20.6716
29.0205
27.17
31.7001
41.5363
32.0116
21.3554
29.3829
22.8282
19.2357
23.6882
23.7748
26.212
19.6685
19.1539
29.9599
24.2429
19.3751
40.1973
