11.4202
12.0624
11.9702
11.7387
11.5362
11.5394
12.3423
11.5879
12.1238
19.0602
14.0929
11.6274
11.4683
11.0469
10.901
10.909
10.8422
10.9049
11.0911
11.108
10.8369
11.2234
11.116
11.0893
11.1
10.8487
11.1467
10.8483
10.9054
11.2593
10.8799
11.039
10.8424
11.2021
11.0916
11.2404
11.3097
11.0848
11.0962
11.0485
11.1634
11.0909
10.8091
10.8463
10.9531
11.0521
11.1569
11.0075
11.1019
11.2567
10.667
11.094
11.355
11.0169
11.0199
10.9967
11.1549
10.898
11.0558
11.0059
11.3358
11.0895
11.329
10.971
10.9211
11.114
11.0539
11.2454
11.039
11.2594
11.2636
11.0401
10.9489
11.0167
10.9463
10.8944
10.8579
10.8444
11.0909
11.0406
10.9054
11.259
10.7653
11.2332
11.0917
10.8365
10.9007
11.0066
11.2652
10.9954
11.3098
10.8398
10.9251
11.0931
11.1647
10.9831
11.1557
10.9999
11.1509
11.0558
12.1561
11.0462
11.3771
11.04
10.8439
11.0926
10.8458
11.0833
10.7448
13.3147
11.1652
10.8402
11.0376
11.0456
10.9784
10.831
11.0365
11.0942
10.837
10.8587
10.8435
11.0022
10.7974
10.7989
10.8367
11.0016
10.9011
10.9009
10.9238
11.0494
11.1085
10.6509
11.2646
10.8449
10.9879
11.2593
10.8521
10.8665
10.843
11.0155
10.8498
11.0411
11.1864
11.0036
11.0884
10.8382
10.8481
10.8493
10.8501
11.0472
11.0885
10.8791
11.2642
10.9188
11.0357
11.0491
10.8604
11.0028
10.8454
10.9715
10.9499
11.0069
11.317
11.1521
10.8672
10.7891
11.1601
10.8595
11.0901
11.0842
10.8975
11.0407
11.2026
11.2445
10.8416
10.9055
10.6632
10.9021
10.8893
11.0862
11.1264
10.7394
11.1626
11.0057
10.8419
11.0786
10.9783
11.1768
10.9327
10.9216
10.9179
11.0882
11.0959
10.8405
10.9928
10.8627
11.1956
11.3091
11.0377
10.9983
11.2959
11.3561
10.9257
11.0065
10.8851
10.8451
10.7893
11.0449
10.844
10.8516
10.8484
10.9998
14.0825
11.6433
11.0906
10.9946
11.1851
10.6592
11.1089
11.4555
10.8448
11.2068
11.2052
10.968
10.9033
10.8631
11.0156
11.0394
11.0571
11.0494
10.9147
10.84
11.1185
10.905
10.9187
10.9063
11.1849
10.7405
11.1007
10.923
10.8497
11.0373
11.0916
11.099
11.0961
11.2475
11.2685
11.0951
10.9077
11.31
10.8541
11.1852
11.0943
10.897
11.0035
11.0992
11.1501
10.8781
11.2398
11.0976
10.8574
11.2735
10.7832
11.0261
10.8883
10.908
10.9697
10.837
11.0524
11.1007
11.0293
11.094
11.1338
10.9174
11.0055
10.8457
10.9694
11.1539
10.6684
11.1024
10.9208
10.9037
10.9817
11.2966
11.7679
11.0469
11.1409
10.9161
10.9072
10.8501
10.8462
10.9032
10.8462
11.2656
10.8462
10.898
11.1653
11.0901
10.9047