173.255
166.963
182.644
181.414
148.033
146.134
146.502
149.362
148.118
148.236
148.214
140.927
137.397
136.774
140.296
141.23
140.47
137.252
139.746
138.25
140.166
137.929
137.781
138.13
137.406
138.141
137.145
136.155
146.865
138.993
138.06
137.274
137.508
137.528
137.776
138.025
137.679
138.375
138.043
138.725
137.824
137.492
138.264
137.403
140.004
136.98
139.923
140.038
141.549
137.224
138.312
143.825
137.302
138.324
138.222
138.047
137.739
138.93
137.458
137.914
139.642
137.946
139.979
137.212
137.182
138.739
137.929
138.237
137.88
137.193
138.513
138.892
137.609
138.713
137.654
139.951
137.148
137.73
137.798
138.593
137.867
138.511
138.157
137.349
136.996
137.769
137.279
138.849
137.759
138.146
137.47
138.231
138.142
138.44
139.335
137.202
137.153
137.382
136.807
138.59
138.235
139.667
138.611
138.058
137.415
137.37
137.402
138.005
138.119
138.292
136.906
137.088
139.73
137.758
137.761
138.648
138.597
137.242
139.599
137.849
138.454
138.272
137.892
138.332
137.875
137.511
137.78
137.93
137.605
138.68
138.472
137.674
140.713
140.96
137.364
137.468
138.067
140.502
138.175
137.236
138.41
137.614
137.88
137.775
137.549
137.121
138.395
137.686
138.668
137.859
138.379
140.334
138.652
138.362
138.848
138.171
139.718
139.043
137.99
138.381
138.815
138.925
138.028
137.351
139.277
138.706
137.859
138.567
138.136
137.743
139.404
137.4
139.268
137.525
138.29
138.565
139.441
138.125
138.076
137.19
138.061
138.452
137.789
138.22
138.053
136.998
139.096
137.878
137.832
138.357
137.805
137.975
137.216
136.865
138.137
138.084
137.723
137.608
137.828
137.091
138.298
138.637
137.448
139.366
137.848
137.72
137.114
138.09
137.415
137.366
137.747
137.516
138.338
137.488
138.224
138.128
138.024
138.595
137.687
137.477
137.338
141.543
139.324
138.344
138.75
139.407
137.733
138.259
137.986
138.241
138.187
137.982
137.32
136.972
140.382
136.96
137.645
138.496
136.987
137.636
137.167
137.064
136.762
137.605
138.229
137.215
138.211
136.888
136.531
137.33
137.143
137.489
137.205
138.038
137.809
138.527
138.655
138.363
137.272
137.591
138.698
139.754
137.202
137.43
140.332
138.097
139.874
137.647
139.166
137.806
137.203
139.762
137.984
137.753
137.133
137.476
137.914
138.003
137.239
137.237
137.046
137.94
137.265
137.196
137.302
137.941
137.304
137.77
137.725
137.41
136.709
137.029
137.595
137.315
137.518
137.208
136.757
137.411
140.593