31.3894
57.7908
38.036
60.4707
34.4551
37.9123
27.2151
40.6192
35.4485
28.1374
65.9722
31.0407
34.6302
31.4675
25.6066
24.9361
31.0541
50.4313
32.1813
31.2853
26.4389
35.3868
22.7748
35.9241
35.4133
40.3107
22.6231
23.3028
24.3121
26.4639
22.8864
30.7728
25.4029
22.907
31.1315
22.6841
22.6476
24.4435
23.6738
31.2253
36.7038
24.2198
28.5428
24.0311
23.0086
22.8393
23.7343
29.2182
28.5914
29.5301
27.0331
25.0845
22.6084
22.7552
26.5004
24.7895
25.0281
26.735
23.4164
22.791
25.7247
23.4374
22.7334
25.6291
23.9139
23.0096
22.659
24.9061
33.6342
22.4871
29.001
32.4116
30.6126
23.8492
31.4295
24.3396
23.0627
25.002
31.6635
29.1773
26.0081
25.2922
52.1125
31.7647
24.2519
26.0589
25.9386
33.9442
36.5873
29.1413
24.7253
24.2152
24.8259
24.4775
22.5195
29.1137
25.6256
25.5466
23.4997
24.6966
25.1481
22.7545
30.7014
25.6008
22.6793
36.7297
25.8964
24.3506
28.1187
25.92
30.891
27.9811
26.9578
32.2872
23.978
24.1924
23.4058
28.2657
23.1007
52.5857
51.823
32.3165
25.1108
26.3836
23.1469
22.9934
23.4356
24.3364
25.6032
24.2104
52.1761
25.3511
22.5824
24.47
25.0863
23.1896
31.8976
25.2204
25.6505
23.0714
24.4737
34.4909
25.8393
23.4485
23.2971
26.5725
22.7036
22.6479
22.981
24.9794
24.6633
23.9204
31.0481
31.5324
52.6251
27.006
23.0667
24.4804
24.6065
23.0511
22.8282
33.7299
23.1942
22.9421
26.9738
22.6868
22.7026
22.6394
22.6156
26.2948
26.0005
23.0418
31.2181
33.3053
26.5566
34.2761
31.247
25.8121
22.9314
25.407
30.2219
38.4879
22.9228
22.8136
22.942
24.3847
30.7069
22.7563
22.6945
34.2807
24.4568
24.1868
31.5881
24.8829
30.9666
22.6779
52.47
22.9085
23.719
31.0618
22.8584
23.0969
32.8165
34.2988
25.6641
26.9797
25.5063
22.6482
22.7765
22.5915
26.0298
22.6555
22.7694
22.9986
23.045
22.7593
26.0437
22.532
32.3232
34.4907
22.5321
25.1446
29.0661
25.5637
22.9026
28.9302
23.2332
22.5668
22.9623
22.845
24.1173
22.6694
27.0683
22.7151
22.6942
23.4939
33.2611
25.6653
30.4314
22.7552
22.6485
32.4084
26.9485
26.7084
23.975
28.7507
26.0898
26.8019
28.6126
22.9453
30.8251
27.5587
22.6778
24.4388
46.5183
24.4351
53.0482
24.7943
22.762
24.6491
24.7355
31.4599
22.7591
22.7463
22.9878
31.3708
22.9856
27.3287
22.7171
26.8618
23.323
23.2233
52.263
22.7336
24.329
25.5069
22.4815
22.8216
22.7671
22.776
24.5683
25.9359
22.9513
22.7151
23.1246
22.598
22.6039
25.7584
23.3109
22.6489
22.753
24.4992
26.7161
31.0988
22.9647
22.6812
22.8754
24.6721
27.6506